AP 45.955499 -78.072725 224.00
AR 18.344174 -66.752698 451.18
AT01 -30.312880 149.581328 252.70
AT02 -30.312880 149.581010 252.63
AT03 -30.312880 149.580691 252.63
AT04 -30.312881 149.580374 252.58
AT05 -30.312881 149.580055 252.51
AT06 -30.312881 149.579737 252.51
AT07 -30.312881 149.579419 252.51
AT08 -30.312882 149.579101 252.39
AT09 -30.312882 149.578782 252.40
AT10 -30.312883 149.576236 252.10
W104 -30.312878 149.564779 238.09
AT11 -30.312884 149.574167 251.89
AT12 -30.312886 149.571144 251.54
AT13 -30.312888 149.567961 251.21
AT14 -30.312889 149.565734 251.02
AT15 -30.312889 149.565415 250.96
AT16 -30.312889 149.565097 250.96
AT17 -30.312890 149.563983 250.84
AT18 -30.312890 149.563824 250.88
AT19 -30.312890 149.563665 250.85
AT20 -30.312890 149.563506 250.81
AT21 -30.312888 149.563334 251.25
AT22 -30.312891 149.560960 250.57
AT23 -30.312891 149.560800 250.54
AT24 -30.312892 149.559051 250.40
AT25 -30.312892 149.557936 250.33
AT26 -30.312893 149.557776 250.29
AT27 -30.312894 149.555390 250.11
AT28 -30.312894 149.554595 250.06
AT29 -30.312894 149.553958 250.01
AT30 -30.312894 149.553798 249.98
AT31 -30.312895 149.552366 249.88
AT32 -30.312895 149.551252 249.78
AT33 -30.312895 149.551093 249.82
AT34 -30.312896 149.550298 249.70
AT35 -30.312896 149.550139 249.74
AT36 -30.312904 149.519586 248.14
AT37 -30.312904 149.518949 248.13
AZ 37.740923 -25.657584 58.57
BL 33.663748 -115.719813 489.39
BR 48.131225 -119.683277 250.50
BS 48.407867 -4.503829 104.48
CA 52.166946 0.037151 83.47
CN 56.478498 -2.782991 57.86
CD -31.867698 133.809826 162.15
CH 51.145001 -1.438424 146.79
SM 44.397551 33.979571 50.19
DS14 35.425900 -116.889534 1001.35
GO 35.425900 -116.889536 1001.32
DS15 35.421853 -116.887194 973.20
TI -35.402427 148.981266 688.90
DS45 -35.398460 148.977684 674.37
RO 40.431208 -4.248011 864.87
DS64 40.427184 -4.251420 833.83
DS65 40.427184 -4.251420 833.84
EB 50.524832 6.883611 416.70
EL 39.293178 -114.842963 1886.20
FD 30.635030 -103.944820 1606.43
FT -3.877859 -38.425858 23.09
FO 36.669787 -121.773274 23.82
FS 36.589372 -121.772148 249.95
NZ 38.433305 -79.822398 807.09
GBT 38.433129 -79.839839 823.63
GG 39.021926 -76.826542 12.46
GC 64.978412 -147.497514 332.07
GO 35.425900 -116.889534 1001.35
GO 35.425900 -116.889534 1001.35
GZ 35.339551 -116.872861 945.38
DS12 35.247699 -116.794887 1062.94
GF 39.020665 -76.828073 17.95
GR 43.754627 6.920698 1318.64
HK 20.707613 -156.256050 3067.81
HH -25.889752 27.685393 1415.71
HC 40.817339 -121.470516 1009.28
HS 42.623297 -71.488161 116.69
HN 42.933610 -71.986580 295.57
HO -42.803586 147.440518 65.10
HF 64.267745 -15.197443 78.27
HOHE 53.050653 10.476451 149.82
HB 47.800958 11.017886 1005.72
HR 30.636724 -103.947263 1595.07
JB2 53.233963 -2.303904 143.77
JB 53.236539 -2.308576 179.41
KL 57.223016 37.900320 178.08
KR 53.983585 13.609252 77.10
KB 35.955911 140.660090 78.41
KA 35.954112 140.662736 80.10
KU 22.126300 -159.665164 1168.32
KK 22.126638 -159.665098 1176.60
KP 31.956304 -111.612422 1901.99
KP12 31.953331 -111.614854 1894.51
KW 9.398755 167.482146 57.39
LA 35.775123 -106.245596 1962.44
RZ 40.427356 -4.249655 826.78
RO 40.431206 -4.248012 864.85
MR 24.289941 153.984209 41.75
MD 38.374247 -77.230577 -13.46
MA 40.649524 16.704016 543.36
MC 44.520492 11.646933 67.18
MH 60.217809 24.393109 75.63
MN 39.133373 141.132348 110.96
MK 19.801381 -155.455503 3763.04
MO 35.331631 -116.887616 910.22
MP -31.267816 149.099641 867.31
NL 41.771425 -91.574137 222.27
NO6 35.940873 138.472170 1389.56
NT 36.876050 14.989048 143.23
GB14 38.437824 -79.835779 812.52
GN 38.436852 -79.825519 806.61
GBTT 38.435918 -79.828180 807.69
GB85 38.429585 -79.843352 785.85
NY 78.929110 11.869692 87.27
OH -63.321126 -57.900821 39.87
ON 57.395836 11.926354 59.27
ON85 57.393070 11.917770 58.42
OV 37.231651 -118.277054 1196.32
OO 37.231459 -118.282720 1200.89
OVMM 37.233405 -118.283382 1188.05
PA -32.998401 148.263514 414.81
PE 49.322589 -119.619894 529.64
PV 37.066164 -3.392609 2921.72
PT 34.301018 -108.119189 2364.68
PL 40.182793 -104.726345 1501.36
PO 37.805304 -122.455071 -29.44
PT 34.301018 -108.119189 2364.68
PR 38.103527 -122.936597 -2.40
RI 25.613757 -80.384710 -13.63
DS53 40.427356 -4.249655 826.78
DS61 40.428738 -4.249024 840.52
ST -33.151473 -70.668311 730.29
SC 17.756581 -64.583633 -15.00
SH 31.099163 121.199659 29.43
SE -29.263452 -70.732348 2415.76
SG 31.190180 121.429549 18.00
SY -69.006325 39.586286 51.05
TZ -35.400489 148.983089 684.13
TI -35.402427 148.981266 688.79
TC -36.842718 -73.025149 170.97
TG 49.144496 12.877616 658.89
TR 53.095462 18.564057 133.61
TO 43.559202 1.483379 192.16
TN 69.662974 18.939440 132.91
TL 61.422835 12.381639 723.96
TS2 36.105637 140.086983 69.16
UR 43.471509 87.178135 2033.19
US 44.016098 131.757270 152.12
UD 36.132372 138.362786 1534.88
UZ 36.132448 138.358404 1591.17
Y 34.078814 -107.618333 2114.45
N8 34.082732 -107.618745 2114.48
YE1 34.078096 -107.618258 2115.35
YE10 34.076111 -107.611366 2113.70
YE12 34.075118 -107.608807 2114.16
YE14 34.073999 -107.605923 2115.01
YE16 34.072758 -107.602727 2115.32
YE18 34.071402 -107.599232 2118.76
YE2 34.078644 -107.617893 2115.35
YE20 34.069932 -107.595448 2124.56
YE24 34.066669 -107.587043 2127.72
YE28 34.062990 -107.577570 2134.14
YE3 34.078472 -107.617450 2115.35
YE32 34.058912 -107.567077 2136.53
YE36 34.054452 -107.555599 2142.80
YE4 34.078253 -107.616886 2115.35
YE40 34.049621 -107.543172 2147.12
YE48 34.038888 -107.515577 2142.34
YE5 34.077992 -107.616212 2115.36
YE56 34.026783 -107.484482 2142.86
YE6 34.077689 -107.615433 2115.35
YE64 34.013364 -107.450041 2162.81
YE7 34.077348 -107.614554 2114.99
YE72 33.999798 -107.411762 2095.66
YE8 34.076971 -107.613582 2114.32
YE9 34.076558 -107.612518 2113.81
YMAS 34.073311 -107.628136 2117.09
YN1 34.078815 -107.618333 2115.32
YN10 34.084560 -107.618938 2114.04
YN12 34.086671 -107.619160 2113.57
YN14 34.089050 -107.619410 2113.25
YN16 34.091685 -107.619687 2113.24
YN18 34.094568 -107.619991 2113.26
YN2 34.079307 -107.618385 2115.22
YN20 34.097689 -107.620319 2113.92
YN24 34.105520 -107.621144 2115.18
YN28 34.112436 -107.621872 2114.41
YN3 34.079666 -107.618423 2115.14
YN32 34.121095 -107.622784 2115.86
YN36 34.130564 -107.623781 2117.10
YN4 34.080025 -107.618461 2115.05
YN40 34.140819 -107.624862 2118.83
YN48 34.163596 -107.627262 2121.57
YN5 34.080564 -107.618517 2114.90
YN56 34.189265 -107.629969 2122.12
YN6 34.081206 -107.618585 2114.80
YN64 34.217705 -107.632971 2125.58
YN7 34.081930 -107.618661 2114.64
YN72 34.248812 -107.636256 2133.48
YN8 34.082732 -107.618745 2114.48
YN9 34.083610 -107.618838 2114.27
YOUT 34.072818 -107.628084 2117.20
VPT 34.301017 -108.119190 2364.65
YW1 34.078456 -107.618295 2115.32
YW10 34.075237 -107.624706 2116.43
YW12 34.073923 -107.627047 2117.08
YW14 34.072442 -107.629684 2117.12
YW16 34.070801 -107.632607 2116.73
YW18 34.069005 -107.635804 2117.19
YW2 34.078589 -107.618735 2115.40
YW20 34.067061 -107.639266 2118.24
YW24 34.062744 -107.646953 2123.14
YW28 34.057877 -107.655617 2134.00
YW3 34.078362 -107.619140 2115.45
YW32 34.052484 -107.665215 2120.86
YW36 34.046584 -107.675712 2114.09
YW4 34.078073 -107.619655 2115.45
YW40 34.040194 -107.687077 2113.05
YW48 34.026000 -107.712312 2115.48
YW5 34.077725 -107.620275 2115.57
YW56 34.009995 -107.740746 2109.81
YW6 34.077325 -107.620986 2115.63
YW64 33.992253 -107.772237 2105.42
YW7 34.076874 -107.621790 2115.71
YW72 33.972841 -107.806664 2096.57
YW8 34.076375 -107.622679 2115.84
YW9 34.075829 -107.623652 2115.96
VB 34.556082 -120.616421 -12.27
WRT0 52.915327 6.591815 70.19
WRT1 52.915327 6.593956 70.13
WRT2 52.915328 6.596097 70.07
WRT3 52.915329 6.598237 70.01
WRT4 52.915329 6.600377 69.96
WRT5 52.915330 6.602518 69.92
WRT6 52.915330 6.604659 69.87
WRT7 52.915295 6.606755 70.91
WRT8 52.915331 6.608940 69.79
WRT9 52.915332 6.611080 69.75
WB 52.915292 6.633334 71.21
WF 42.612948 -71.493794 86.77
WZ 49.145008 12.877450 669.12
YB 40.524154 -3.089414 979.86
YK 62.479354 -114.472386 176.81
YK 62.480581 -114.479306 178.79
